define

color 1 0 0 1
name square

plane
0      0   0   0.5 0.1 0.3 1
200    0   0   0.4 0.4 0.3 1
200    200 0   0.6 0.6 0.3 1
0      200 0   0.0 0.3 0.6 1
done

plane
200    0    0   0.5 0.1 0.3 1
200    0    200 0.4 0.4 0.3 1
200    200  200 0.6 0.6 0.3 1
200    200  0   0.0 0.3 0.6 1
done

plane
200    200   0   0.5 0.1 0.3 1
200    200   200 0.4 0.4 0.3 1
0      200   200 0.6 0.6 0.3 1
0      200   0   0.0 0.3 0.6 1
done


plane
0      0     0    0.5 0.1 0.3 1
0      0     200  0.4 0.4 0.3 1
0      200   200  0.6 0.6 0.3 1
0      200   0    0.0 0.3 0.6 1
done 

plane
200    0   0    0.5 0.1 0.3 1
200    0   200  0.4 0.4 0.3 1
0      0   200  0.6 0.6 0.3 1
0      0   0    0.0 0.3 0.6 1
done 

plane
200    0     200    0.5 0.1 0.3 1
200    200   200    0.4 0.4 0.3 1
0      200   200    0.6 0.6 0.3 1
0      0     200    0.0 0.3 0.6 1
done

done 




#define

#name miley

#plane
#2 0 -4 0.5 0.5 0.3 1
#3 2 -4 0.2 0.1 0.6 1
#4 0 -4 0.7 0.8 0.9 1
#done

#done


translate square 5.5  800   100  100
translate square 10   800   400  100
translate square 13   100   100  500 
translate square 16   100   500  100
translate square 18  -800   100 -100
translate square 20  -500  -100  100

